
3591
3586
3584
3565
3561
3537
3510
3509
3494
3487
3485
3483
3481
3470
3461
3442
3430
3418
3416
3415
3411
3395
3376
3375
3374
3366
3343
3324
3322
3299
3298
3263
3262
3260
3255
3243
3240
3211
3210
3197
3195
3182
3168
3167
3163
3162
3161
3154
3125
3121
3094
3091
3084
3073
3066
3053
3033
3029
3025
3022
3016
3012
2995
2980
2975
2969
2961
2959
2931
2907
2904
2895
2887
2886
2875
2873
2871
2870
2865
2860
2859
2856
2849
2847
2839
2822
2819
2816
2782
2780
2772
2771
2766
2752
2739
2737
2736
2733
2731
2721
2715
2707
2689
2638
2637
2606
2599
2590
2588
2584
2566
2564
2546
2541
2537
2534
2516
2508
2501
2500
2496
2492
2489
2485
2477
2472
2461
2454
2453
2452
2445
2443
2442
2441
2439
2435
2434
2429
2427
2425
2414
2410
2404
2391
2389
2387
2385
2383
2347
2344
2342
2341
2338
2336
2329
2328
2321
2320
2313
2304
2297
2282
2281
2279
2267
2262
2260
2257
2250
2245
2234
2227
2226
2219
2217
2215
2210
2208
2196
2193
2187
2185
2179
2174
2169
2154
2150
2143
2136
2135
2131
2125
2122
2099
2098
2093
2092
2084
2059
2053
2046
2028
2009
2004
2003
1997
1994
1989
1988
1987
1978
1977
1974
1973
1970
1952
1951
1950
1949
1943
1928
1916
1899
1878
1876
1872
1870
1865
1861
1856
1844
1839
1837
1822
1814
1811
1808
1806
1802
1795
1792
1788
1773
1767
1766
1761
1759
1749
1745
1744
1740
1739
1728
1727
1722
1717
1716
1713
1714
1708
1705
1703
1702
1695
1687
1677
1674
1665
1654
1651
1648
1644
1640
1635
1631
1630
1626
1613
1612
1611
1602
1601
1598
1596
1583
1580
1568
1565
1560
1559
1557
1519
1516
1533
1513
1509
1523
1503
1497
1487
1483
1476
1471
1467
1462
1453
1451
1430
1429
1409
1397
1395
1389
1388
1378
1373
1372
1349
1344
1340
1333
1331
1328
1325
1319
1314
1293
1290
1285
1283
1280
1279
1263
1258
1251
1247
1212
1208
1204
1188
1179
1173
1168
1164
1138
1125
1124
1118
1115
1112
1111
1107
1104
1088
1074
1061
1057
1051
1042
1041
1034
1028
1025
1009
1005
1003
999
996
994
988
981
980
979
967
963
962
960
957
955
944
939
935
927
925
924
914
903
896
887
866
857
848
830
827
819
818
815
812
811
805
804
800
795
793
790
777
771
769
755
753
744
728
727
725
724
723
717
715
713
686
685
682
681
679
678
672
662
653
650
645
644
628
613
611
588
585
584
583
569
567
558
554
538
527
523
520
508
500
484
482
476
475
468
453
451
438
437
434
421
419
415
407
372
370
366
365
364
363
362
361
359
356
332
292
249
188
154
123
87
85
51
15
7
